lc=0.00000000;
Point(1) = {108.14941400, 21.47419900, 0.0, 0.00000000};
Point(2) = {106.72119100, 21.97429300, 0.0, 0.00000000};
Point(3) = {106.84204100, 22.79711500, 0.0, 0.00000000};
Point(4) = {105.28198200, 23.34292800, 0.0, 0.00000000};
Point(5) = {103.93066400, 22.67552300, 0.0, 0.00000000};
Point(6) = {102.13989300, 22.48278300, 0.0, 0.00000000};
Point(7) = {103.30444300, 20.66431100, 0.0, 0.00000000};
Point(8) = {104.49096700, 20.60262200, 0.0, 0.00000000};
Point(9) = {104.79858400, 19.80874300, 0.0, 0.00000000};
Point(10) = {104.09545900, 19.67431500, 0.0, 0.00000000};
Point(11) = {103.89770500, 19.18736900, 0.0, 0.00000000};
Point(12) = {105.06225600, 18.55322700, 0.0, 0.00000000};
Point(13) = {107.27050800, 15.89935100, 0.0, 0.00000000};
Point(14) = {107.44628900, 12.29850000, 0.0, 0.00000000};
Point(15) = {105.78735400, 11.50227500, 0.0, 0.00000000};
Point(16) = {106.13891600, 10.84481600, 0.0, 0.00000000};
Point(17) = {105.53466800, 11.00662300, 0.0, 0.00000000};
Point(18) = {104.34814500, 10.43451400, 0.0, 0.00000000};
Point(19) = {104.94140600, 9.92628700, 0.0, 0.00000000};
Point(20) = {104.72168000, 8.38615600, 0.0, 0.00000000};
Point(21) = {106.60034200, 9.49313100, 0.0, 0.00000000};
Point(22) = {106.87500000, 10.27240200, 0.0, 0.00000000};
Point(23) = {109.07226600, 11.24378000, 0.0, 0.00000000};
Point(24) = {109.40185500, 13.65737400, 0.0, 0.00000000};
Point(25) = {108.44604500, 16.03595900, 0.0, 0.00000000};
Point(26) = {106.51245100, 17.98987900, 0.0, 0.00000000};
Point(27) = {105.75439500, 19.01088300, 0.0, 0.00000000};
Point(28) = {106.05102500, 19.90174200, 0.0, 0.00000000};
Point(29) = {106.98486300, 20.85949600, 0.0, 0.00000000};
Line(1) = {1, 2};
Line(2) = {2, 3};
Line(3) = {3, 4};
Line(4) = {4, 5};
Line(5) = {5, 6};
Line(6) = {6, 7};
Line(7) = {7, 8};
Line(8) = {8, 9};
Line(9) = {9, 10};
Line(10) = {10, 11};
Line(11) = {11, 12};
Line(12) = {12, 13};
Line(13) = {13, 14};
Line(14) = {14, 15};
Line(15) = {15, 16};
Line(16) = {16, 17};
Line(17) = {17, 18};
Line(18) = {18, 19};
Line(19) = {19, 20};
Line(20) = {20, 21};
Line(21) = {21, 22};
Line(22) = {22, 23};
Line(23) = {23, 24};
Line(24) = {24, 25};
Line(25) = {25, 26};
Line(26) = {26, 27};
Line(27) = {27, 28};
Line(28) = {28, 29};
Line(29) = {29, 1};
Curve Loop(1) = { 1, 2, 3, 4, 5, 6, 7, 8, 9, 10, 11, 12, 13, 14, 15, 16, 17, 18, 19, 20, 21, 22, 23, 24, 25, 26, 27, 28, 29 };
Plane Surface(1) = {1};
