lc=0.00000000;
Point(1) = {338.83161512, 584.19243986, 0.0, 0.00000000};
Point(2) = {319.58762887, 536.08247423, 0.0, 0.00000000};
Point(3) = {290.03436426, 510.65292096, 0.0, 0.00000000};
Point(4) = {268.72852234, 480.41237113, 0.0, 0.00000000};
Point(5) = {218.55670103, 469.41580756, 0.0, 0.00000000};
Point(6) = {166.32302405, 435.05154639, 0.0, 0.00000000};
Point(7) = {130.58419244, 389.00343643, 0.0, 0.00000000};
Point(8) = {160.13745704, 391.75257732, 0.0, 0.00000000};
Point(9) = {109.27835052, 331.95876289, 0.0, 0.00000000};
Point(10) = {83.16151203, 263.91752577, 0.0, 0.00000000};
Point(11) = {158.76288660, 240.54982818, 0.0, 0.00000000};
Point(12) = {217.18213058, 204.12371134, 0.0, 0.00000000};
Point(13) = {268.04123711, 153.95189003, 0.0, 0.00000000};
Point(14) = {249.48453608, 201.37457045, 0.0, 0.00000000};
Point(15) = {298.96907216, 165.63573883, 0.0, 0.00000000};
Point(16) = {348.45360825, 107.21649485, 0.0, 0.00000000};
Point(17) = {380.75601375, 38.48797251, 0.0, 0.00000000};
Point(18) = {379.38144330, 123.71134021, 0.0, 0.00000000};
Point(19) = {360.13745704, 193.81443299, 0.0, 0.00000000};
Point(20) = {341.58075601, 248.10996564, 0.0, 0.00000000};
Point(21) = {395.18900344, 245.36082474, 0.0, 0.00000000};
Point(22) = {456.35738832, 230.92783505, 0.0, 0.00000000};
Point(23) = {514.08934708, 250.85910653, 0.0, 0.00000000};
Point(24) = {536.08247423, 281.09965636, 0.0, 0.00000000};
Point(25) = {453.60824742, 343.64261168, 0.0, 0.00000000};
Point(26) = {432.98969072, 397.93814433, 0.0, 0.00000000};
Point(27) = {358.76288660, 468.72852234, 0.0, 0.00000000};
Point(28) = {338.14432990, 452.92096220, 0.0, 0.00000000};
Point(29) = {349.14089347, 488.65979381, 0.0, 0.00000000};
Point(30) = {350.51546392, 531.27147766, 0.0, 0.00000000};
Line(1) = {1, 2};
Line(2) = {2, 3};
Line(3) = {3, 4};
Line(4) = {4, 5};
Line(5) = {5, 6};
Line(6) = {6, 7};
Line(7) = {7, 8};
Line(8) = {8, 9};
Line(9) = {9, 10};
Line(10) = {10, 11};
Line(11) = {11, 12};
Line(12) = {12, 13};
Line(13) = {13, 14};
Line(14) = {14, 15};
Line(15) = {15, 16};
Line(16) = {16, 17};
Line(17) = {17, 18};
Line(18) = {18, 19};
Line(19) = {19, 20};
Line(20) = {20, 21};
Line(21) = {21, 22};
Line(22) = {22, 23};
Line(23) = {23, 24};
Line(24) = {24, 25};
Line(25) = {25, 26};
Line(26) = {26, 27};
Line(27) = {27, 28};
Line(28) = {28, 29};
Line(29) = {29, 30};
Line(30) = {30, 1};
Curve Loop(1) = { 1, 2, 3, 4, 5, 6, 7, 8, 9, 10, 11, 12, 13, 14, 15, 16, 17, 18, 19, 20, 21, 22, 23, 24, 25, 26, 27, 28, 29, 30 };
Plane Surface(1) = {1};
